avg: 1.594370	max: 1.775573	min: 1.434374
test_0:1.4585035650525242
test_1:1.7755725129973143
test_2:1.7280658839736134
test_3:1.454684017924592
test_4:1.6355699360137805
test_5:1.550391925033182
test_6:1.5784341580001637
test_7:1.6762500629993156
test_8:1.6518512850161642
test_9:1.43437408702448
