avg: 0.003734	max: 0.008938	min: 0.002517
test_0:0.0030832402408123016
test_1:0.003397595137357712
test_2:0.0029381699860095978
test_3:0.0029795151203870773
test_4:0.008938271552324295
test_5:0.0032609589397907257
test_6:0.0032926276326179504
test_7:0.004384767264127731
test_8:0.002548893913626671
test_9:0.0025167930871248245
