avg: 0.016674	max: 0.502808	min: 0.002149
test_0:0.0026757363229990005
test_1:0.002477925270795822
test_10:0.0023967158049345016
test_11:0.00431285984814167
test_12:0.002469029277563095
test_13:0.0026401132345199585
test_14:0.002618059515953064
test_15:0.002612033858895302
test_16:0.00299639068543911
test_17:0.0026718229055404663
test_18:0.0026888418942689896
test_19:0.002334805205464363
test_2:0.002554759383201599
test_20:0.0025153253227472305
test_21:0.002148522064089775
test_22:0.0021895039826631546
test_23:0.002661384642124176
test_24:0.5028075017035007
test_25:0.002432664856314659
test_26:0.002160238102078438
test_27:0.0025099609047174454
test_28:0.002524014562368393
test_29:0.0024541523307561874
test_3:0.0025382060557603836
test_30:0.00244256854057312
test_31:0.004175001755356789
test_32:0.0024829916656017303
test_33:0.002543395385146141
test_34:0.0028573833405971527
test_35:0.0022319648414850235
test_36:0.0036874059587717056
test_37:0.00433722510933876
test_38:0.003057451918721199
test_39:0.0029148031026124954
test_4:0.0026533715426921844
test_40:0.0028201602399349213
test_41:0.0028041843324899673
test_42:0.0022486168891191483
test_43:0.0022445525974035263
test_44:0.0029149129986763
test_45:0.0023322664201259613
test_46:0.005377374589443207
test_47:0.002606527879834175
test_48:0.002741333097219467
test_49:0.0023934897035360336
test_5:0.002311086282134056
test_50:0.002174707129597664
test_51:0.0028450898826122284
test_52:0.0024968404322862625
test_53:0.0025436244904994965
test_54:0.0024662911891937256
test_55:0.0025154538452625275
test_56:0.0023154616355895996
test_57:0.00277717225253582
test_58:0.0022613201290369034
test_59:0.002544524148106575
test_6:0.002887273207306862
test_60:0.002332223579287529
test_61:0.0025911685079336166
test_62:0.00260244682431221
test_63:0.0025515276938676834
test_64:0.0023553017526865005
test_65:0.002595292404294014
test_66:0.502162154763937
test_67:0.0030258968472480774
test_68:0.004576962441205978
test_69:0.0045676566660404205
test_7:0.0023243799805641174
test_70:0.004354547709226608
test_71:0.004374578595161438
test_8:0.0028915777802467346
test_9:0.0028372816741466522
