avg: 0.003641	max: 0.007131	min: 0.002051
test_0:0.003287041559815407
test_1:0.003964316099882126
test_10:0.0021786801517009735
test_11:0.0022050030529499054
test_12:0.004334127530455589
test_13:0.004261543974280357
test_14:0.0035297106951475143
test_15:0.0027767345309257507
test_16:0.0029770396649837494
test_17:0.0038300585001707077
test_18:0.0032475143671035767
test_19:0.0047427937388420105
test_2:0.0049886442720890045
test_20:0.004348676651716232
test_21:0.003027709200978279
test_22:0.002662127837538719
test_23:0.002797689288854599
test_24:0.0029821041971445084
test_25:0.0054761264473199844
test_26:0.0027334559708833694
test_27:0.003249663859605789
test_28:0.005085332319140434
test_29:0.004394032061100006
test_3:0.0049508363008499146
test_30:0.003303335979580879
test_31:0.0023310761898756027
test_32:0.0021881144493818283
test_33:0.006175398826599121
test_34:0.0033366046845912933
test_35:0.0052611082792282104
test_36:0.0036616958677768707
test_37:0.00299123115837574
test_38:0.00282256118953228
test_39:0.00367606058716774
test_4:0.0031890925019979477
test_40:0.0030046310275793076
test_41:0.002797883003950119
test_42:0.003901176154613495
test_43:0.0034096650779247284
test_44:0.0032102223485708237
test_45:0.0027012676000595093
test_46:0.005798002704977989
test_47:0.0071306973695755005
test_48:0.0037441719323396683
test_49:0.0028341133147478104
test_5:0.004612095654010773
test_50:0.0027611013501882553
test_51:0.0025290418416261673
test_52:0.0028401482850313187
test_53:0.0027372781187295914
test_54:0.0029259249567985535
test_55:0.003201739862561226
test_56:0.0051718465983867645
test_57:0.002901427447795868
test_58:0.0042593814432621
test_59:0.0035400036722421646
test_6:0.0036657005548477173
test_60:0.002470569685101509
test_61:0.0031749699264764786
test_62:0.002938374876976013
test_63:0.002744251862168312
test_64:0.004445463418960571
test_65:0.004814939573407173
test_66:0.0026921220123767853
test_67:0.0034280773252248764
test_68:0.002993367612361908
test_69:0.0038468893617391586
test_7:0.0020509064197540283
test_70:0.0046137478202581406
test_71:0.003039136528968811
test_72:0.003258775919675827
test_73:0.003380555659532547
test_74:0.0028175320476293564
test_75:0.0029710568487644196
test_76:0.004739755764603615
test_77:0.007034771144390106
test_78:0.0032191909849643707
test_79:0.0037103164941072464
test_8:0.002830931916832924
test_80:0.004364242777228355
test_81:0.0042885299772024155
test_82:0.005128420889377594
test_83:0.0053501855581998825
test_9:0.0028738323599100113
