avg: 0.010181	max: 0.025693	min: 0.004741
test_0:0.008939623017795384
test_1:0.01287858805153519
test_10:0.008156149997375906
test_100:0.006010985991451889
test_101:0.008077509992290288
test_102:0.013045688043348491
test_103:0.009693620959296823
test_104:0.017026798974256963
test_105:0.022382941970136017
test_106:0.013328680011909455
test_107:0.014656506013125181
test_108:0.012094623991288245
test_109:0.011148235003929585
test_11:0.025692769035231322
test_110:0.011365059006493539
test_12:0.012998445017728955
test_13:0.017333397991023958
test_14:0.00897063803859055
test_15:0.00693436898291111
test_16:0.009170181001536548
test_17:0.013219386979471892
test_18:0.012864538992289454
test_19:0.008808568003587425
test_2:0.015549134986940771
test_20:0.01209936902159825
test_21:0.009025996027048677
test_22:0.00624911196064204
test_23:0.008947068999987096
test_24:0.01149491302203387
test_25:0.02383815700886771
test_26:0.016771475959103554
test_27:0.006684249034151435
test_28:0.00769102101912722
test_29:0.008153831993695349
test_3:0.008125370019115508
test_30:0.008912532008253038
test_31:0.008885590999852866
test_32:0.007806398964021355
test_33:0.008323218033183366
test_34:0.008863178023602813
test_35:0.008295723993796855
test_36:0.009317679039668292
test_37:0.014466091990470886
test_38:0.009168817021418363
test_39:0.006015571008902043
test_4:0.011579571990296245
test_40:0.009900517005007714
test_41:0.008169570995960385
test_42:0.00671175098977983
test_43:0.0094592550303787
test_44:0.004741486976854503
test_45:0.008220106014050543
test_46:0.009776662976946682
test_47:0.009874859009869397
test_48:0.009702428011223674
test_49:0.010796726041007787
test_5:0.009747784002684057
test_50:0.009853087016381323
test_51:0.011782951012719423
test_52:0.007105197990313172
test_53:0.009865411964710802
test_54:0.005566209030803293
test_55:0.004749103041831404
test_56:0.012106475012842566
test_57:0.013016905984841287
test_58:0.009422492992598563
test_59:0.009774824953638017
test_6:0.013648566964548081
test_60:0.007457063009496778
test_61:0.010110895964317024
test_62:0.010002641007304192
test_63:0.010757914977148175
test_64:0.007257196994032711
test_65:0.015416546957567334
test_66:0.007312363013625145
test_67:0.009224894049111754
test_68:0.016813303052913398
test_69:0.008991429989691824
test_7:0.012450698006432503
test_70:0.00848243699874729
test_71:0.007766846043523401
test_72:0.007956405985169113
test_73:0.008826152014080435
test_74:0.006227714009582996
test_75:0.012117759033571929
test_76:0.010194679023697972
test_77:0.00844065600540489
test_78:0.008149242028594017
test_79:0.00884188897907734
test_8:0.014108271047007293
test_80:0.010103179956786335
test_81:0.006295535014942288
test_82:0.00827216898323968
test_83:0.008734871982596815
test_84:0.008906321018002927
test_85:0.009455142018850893
test_86:0.0063146400498226285
test_87:0.00903632800327614
test_88:0.00846668501617387
test_89:0.009998247027397156
test_9:0.008158930984791368
test_90:0.013089020969346166
test_91:0.007516501005738974
test_92:0.012103507004212588
test_93:0.006813188025262207
test_94:0.008011665951926261
test_95:0.00977968901861459
test_96:0.006529028993099928
test_97:0.01345802703872323
test_98:0.008919554005842656
test_99:0.008190765976905823
