avg: 0.130164	max: 10.003870	min: 0.002840
test_0:0.004026351030915976
test_1:0.004109145142138004
test_10:0.0030344221740961075
test_11:0.004993262002244592
test_12:0.0033594388514757156
test_13:0.015028768917545676
test_14:0.0031851851381361485
test_15:0.00886455993168056
test_16:0.0032075000926852226
test_17:0.003139766864478588
test_18:0.003689803183078766
test_19:0.004138006828725338
test_2:0.0037995430175215006
test_20:0.0034486870281398296
test_21:0.0029054831247776747
test_22:0.004370908951386809
test_23:0.004898912040516734
test_24:0.004059724044054747
test_25:0.004371861927211285
test_26:0.09765071212314069
test_27:0.0044108000583946705
test_28:0.0035858771298080683
test_29:0.003309780964627862
test_3:0.007104035001248121
test_30:0.003563248086720705
test_31:10.00386998988688
test_32:0.003992776153609157
test_33:0.004192924126982689
test_34:0.003685642033815384
test_35:0.00404972699470818
test_36:0.0037228530272841454
test_37:0.004207518883049488
test_38:0.006838234839960933
test_39:0.003200741019099951
test_4:0.0040515020955353975
test_40:0.004194676876068115
test_41:0.0036434149369597435
test_42:0.004141225945204496
test_43:0.0035802938509732485
test_44:0.01424379087984562
test_45:0.0029731979593634605
test_46:0.005138915032148361
test_47:0.004171683918684721
test_48:0.003675824962556362
test_49:0.0034393081441521645
test_5:0.003578362986445427
test_50:0.003712116042152047
test_51:0.00397184188477695
test_52:0.004883794113993645
test_53:0.00418625702150166
test_54:0.00303780403919518
test_55:0.003246420994400978
test_56:0.0033596728462725878
test_57:0.0037543170619755983
test_58:0.006650469033047557
test_59:0.004666961031034589
test_6:0.004024164984002709
test_60:0.004088578978553414
test_61:0.004175164038315415
test_62:0.004282474052160978
test_63:0.003936615074053407
test_64:0.00397899909876287
test_65:0.0035706879571080208
test_66:0.004755157977342606
test_67:0.08987102890387177
test_68:0.0030875529628247023
test_69:0.004008461022749543
test_7:0.003313603112474084
test_70:0.003981856862083077
test_71:0.007490604883059859
test_72:0.009591988055035472
test_73:0.00432267296127975
test_74:0.004296694183722138
test_75:0.0030044650193303823
test_76:0.004285464063286781
test_77:0.004121790872886777
test_78:0.0033947958145290613
test_79:0.005903010023757815
test_8:0.006052784156054258
test_80:0.006595453945919871
test_9:0.002840375993400812
