avg: 0.005673	max: 0.134284	min: 0.002785
test_0:0.0037899427115917206
test_1:0.004493020474910736
test_10:0.003379667177796364
test_100:0.005242114886641502
test_101:0.004062928259372711
test_102:0.0040955133736133575
test_103:0.004752499982714653
test_104:0.013293968513607979
test_105:0.0040693581104278564
test_106:0.004023903980851173
test_107:0.004565395414829254
test_108:0.0037795156240463257
test_109:0.004306033253669739
test_11:0.0036650151014328003
test_110:0.004326879978179932
test_111:0.0042396485805511475
test_112:0.0038294754922389984
test_113:0.00455835647881031
test_114:0.004789393395185471
test_115:0.00278455950319767
test_116:0.0041513592004776
test_12:0.00490817055106163
test_13:0.00510476715862751
test_14:0.003417978063225746
test_15:0.0038589052855968475
test_16:0.003760969266295433
test_17:0.004221364855766296
test_18:0.0037972871214151382
test_19:0.004029631614685059
test_2:0.004839673638343811
test_20:0.003505479544401169
test_21:0.003045903518795967
test_22:0.005657615140080452
test_23:0.016148533672094345
test_24:0.003789180889725685
test_25:0.005460385233163834
test_26:0.0035825036466121674
test_27:0.0040005650371313095
test_28:0.004083001986145973
test_29:0.003970917314291
test_3:0.003506401553750038
test_30:0.0040983278304338455
test_31:0.004200344905257225
test_32:0.003868330270051956
test_33:0.004095865413546562
test_34:0.004248930141329765
test_35:0.0035492591559886932
test_36:0.00458894856274128
test_37:0.003990365192294121
test_38:0.003488859161734581
test_39:0.006904914975166321
test_4:0.0034760870039463043
test_40:0.003551660105586052
test_41:0.0036242343485355377
test_42:0.002839973196387291
test_43:0.005676962435245514
test_44:0.004024723544716835
test_45:0.00489671528339386
test_46:0.006085775792598724
test_47:0.134283984079957
test_48:0.004187161102890968
test_49:0.0037717074155807495
test_5:0.007443958893418312
test_50:0.00346558541059494
test_51:0.0047113727778196335
test_52:0.005667898803949356
test_53:0.0035329312086105347
test_54:0.004081007093191147
test_55:0.005510289222002029
test_56:0.0037202779203653336
test_57:0.003975830972194672
test_58:0.004841919988393784
test_59:0.004289641976356506
test_6:0.003921862691640854
test_60:0.008296327665448189
test_61:0.003936996683478355
test_62:0.0038387496024370193
test_63:0.003057427704334259
test_64:0.00359380804002285
test_65:0.0038265101611614227
test_66:0.003098148852586746
test_67:0.004253130406141281
test_68:0.006352867931127548
test_69:0.010312376543879509
test_7:0.004631981253623962
test_70:0.003451906144618988
test_71:0.0035500358790159225
test_72:0.006512904539704323
test_73:0.003648778423666954
test_74:0.004283137619495392
test_75:0.00352419912815094
test_76:0.003859320655465126
test_77:0.005346555262804031
test_78:0.0036653317511081696
test_79:0.00380658358335495
test_8:0.004420982673764229
test_80:0.0041931793093681335
test_81:0.004285452887415886
test_82:0.003677748143672943
test_83:0.004416482523083687
test_84:0.0132405124604702
test_85:0.0041554514318704605
test_86:0.003979235887527466
test_87:0.00366847962141037
test_88:0.004068993031978607
test_89:0.004108712077140808
test_9:0.006476769223809242
test_90:0.0033959317952394485
test_91:0.005038628354668617
test_92:0.004229836165904999
test_93:0.003788452595472336
test_94:0.004684006795287132
test_95:0.003469310700893402
test_96:0.004321424290537834
test_97:0.0037744157016277313
test_98:0.004109712317585945
test_99:0.0038504432886838913
