avg: 0.005499	max: 0.014572	min: 0.002419
test_0:0.00956299714744091
test_1:0.005327943945303559
test_10:0.0030320759397000074
test_11:0.003955015912652016
test_12:0.004943385953083634
test_13:0.003360901027917862
test_14:0.0034736869856715202
test_15:0.0028729820623993874
test_16:0.0024614299181848764
test_17:0.005837864009663463
test_18:0.008095999015495181
test_19:0.0027531359810382128
test_2:0.005903363926336169
test_20:0.00514059909619391
test_21:0.00486915186047554
test_22:0.006311136996373534
test_23:0.00976407597772777
test_24:0.008266707882285118
test_25:0.00910226907581091
test_26:0.0038233709055930376
test_27:0.004648281028494239
test_28:0.008553548017516732
test_29:0.003869566135108471
test_3:0.0025679990649223328
test_30:0.0024186610244214535
test_31:0.007197830127552152
test_32:0.004029086092486978
test_33:0.006300514796748757
test_34:0.0024643270298838615
test_35:0.0038238950073719025
test_36:0.002711620880290866
test_37:0.004258425906300545
test_38:0.006274017971009016
test_39:0.003424418857321143
test_4:0.0032886401750147343
test_40:0.004440278979018331
test_41:0.005948644829913974
test_42:0.002997953211888671
test_43:0.009000646881759167
test_44:0.004612270975485444
test_45:0.004997024079784751
test_46:0.004488446982577443
test_47:0.003320483025163412
test_48:0.006061116931959987
test_49:0.004588419105857611
test_5:0.003291300032287836
test_50:0.003673517145216465
test_51:0.006582035915926099
test_52:0.002800020156428218
test_53:0.002477689879015088
test_54:0.006342184031382203
test_55:0.0036809078883379698
test_56:0.004407102940604091
test_57:0.004203739110380411
test_58:0.009179926943033934
test_59:0.009533736854791641
test_6:0.003732280107215047
test_60:0.002653776900842786
test_61:0.014571793144568801
test_62:0.013277719961479306
test_63:0.0027366599533706903
test_64:0.0052920200396329165
test_65:0.002948555862531066
test_66:0.0056163109838962555
test_67:0.005112070823088288
test_68:0.007267751963809133
test_69:0.00754694314673543
test_7:0.0062660519033670425
test_70:0.005347081925719976
test_71:0.007643207907676697
test_72:0.0035280000884085894
test_73:0.0048144671600311995
test_74:0.009892978006973863
test_75:0.007995751919224858
test_76:0.006868109107017517
test_77:0.008066177135333419
test_78:0.005394860869273543
test_79:0.009317381074652076
test_8:0.005010721040889621
test_80:0.005605686921626329
test_81:0.007769581861793995
test_82:0.005158138927072287
test_83:0.002730717882514
test_9:0.008418994024395943
