avg: 0.050661	max: 0.095458	min: 0.001931
test_0:0.0026455633342266083
test_1:0.07776613719761372
test_10:0.07817975245416164
test_11:0.0019891466945409775
test_12:0.07806767150759697
test_13:0.002009233459830284
test_14:0.0025405045598745346
test_15:0.07511805929243565
test_16:0.08039041236042976
test_17:0.08428348042070866
test_18:0.08076188713312149
test_19:0.0028690043836832047
test_2:0.07659417018294334
test_20:0.0808474775403738
test_21:0.00492485985159874
test_22:0.0954583901911974
test_23:0.004477120935916901
test_24:0.004288192838430405
test_25:0.08128681592643261
test_26:0.0019311923533678055
test_27:0.005167415365576744
test_28:0.008634340018033981
test_29:0.006932128220796585
test_3:0.08082977868616581
test_30:0.08219228126108646
test_31:0.08616913296282291
test_32:0.07962154410779476
test_33:0.08341874182224274
test_34:0.08438912406563759
test_35:0.0028021223843097687
test_36:0.006352115422487259
test_37:0.004740260541439056
test_38:0.08643896877765656
test_39:0.08752835914492607
test_4:0.07785098068416119
test_40:0.003365529701113701
test_41:0.07727071456611156
test_42:0.00475480780005455
test_43:0.08500001952052116
test_44:0.0030069760978221893
test_45:0.0056282393634319305
test_46:0.08316376619040966
test_47:0.004589207470417023
test_48:0.07798431254923344
test_49:0.08577669225633144
test_5:0.07999050244688988
test_6:0.08744144812226295
test_7:0.07751095294952393
test_8:0.07693766430020332
test_9:0.08115513622760773
