avg: 0.007187	max: 0.023530	min: 0.002499
test_0:0.003314753994345665
test_1:0.0038820281624794006
test_10:0.0028005223721265793
test_11:0.0031692832708358765
test_12:0.0034729614853858948
test_13:0.00497097335755825
test_14:0.006840212270617485
test_15:0.0038079190999269485
test_16:0.003021256998181343
test_17:0.003102768212556839
test_18:0.0105095524340868
test_19:0.0036968830972909927
test_2:0.008859721943736076
test_20:0.004207368940114975
test_21:0.009547986090183258
test_22:0.01380162499845028
test_23:0.008435474708676338
test_24:0.004946226254105568
test_25:0.009924191981554031
test_26:0.002498520538210869
test_27:0.0061622802168130875
test_28:0.01058751530945301
test_29:0.012532820925116539
test_3:0.0034684836864471436
test_30:0.010213924571871758
test_31:0.018330927938222885
test_32:0.005205554887652397
test_33:0.008672453463077545
test_34:0.01042180135846138
test_35:0.00372353196144104
test_36:0.00795082375407219
test_37:0.00715583935379982
test_38:0.017478564754128456
test_39:0.01466306485235691
test_4:0.004081772640347481
test_40:0.00455213338136673
test_41:0.004153203219175339
test_42:0.005953317508101463
test_43:0.02353009395301342
test_44:0.004903029650449753
test_45:0.008375195786356926
test_46:0.013488201424479485
test_47:0.006132772192358971
test_48:0.00372297503054142
test_49:0.008151942864060402
test_5:0.0038061868399381638
test_6:0.003542127087712288
test_7:0.002958754077553749
test_8:0.003004753962159157
test_9:0.0075922682881355286
