avg: 1.021525	max: 2.004867	min: 1.001887
test_0:1.003537047887221
test_1:1.0070270311553031
test_10:1.0033107050694525
test_11:1.0063866639975458
test_12:1.0028938960749656
test_13:1.0026386049576104
test_14:2.004866779083386
test_15:1.0041003529913723
test_16:1.00351792993024
test_17:1.0042338410858065
test_18:1.0043007449712604
test_19:1.0040905310306698
test_2:1.0045050280168653
test_20:1.0034936640877277
test_21:1.003856852883473
test_22:1.0048991800285876
test_23:1.003511220915243
test_24:1.0034427121281624
test_25:1.0315617441665381
test_26:1.0038855820894241
test_27:1.0034920019097626
test_28:1.0043945601209998
test_29:1.0035869888961315
test_3:1.006257358007133
test_30:1.0054193909745663
test_31:1.0033434219658375
test_32:1.0044347289949656
test_33:1.0045953860972077
test_34:1.0037087448872626
test_35:1.0043095559813082
test_36:1.0032653601374477
test_37:1.0038511550519615
test_38:1.0038880608044565
test_39:1.0073315089102834
test_4:1.0066927920561284
test_40:1.003210965078324
test_41:1.002442064927891
test_42:1.0035786731168628
test_43:1.0035110739991069
test_44:1.003515071934089
test_45:1.0035592839121819
test_46:1.003431024029851
test_47:1.0035213860683143
test_48:1.003604122903198
test_49:1.0034173200838268
test_5:1.0035833430010825
test_50:1.0037631180603057
test_51:1.0060865918640047
test_52:1.0062333981040865
test_53:1.004246680997312
test_54:1.0018868090119213
test_55:1.0037768899928778
test_56:1.004020974971354
test_57:1.0037778499536216
test_58:1.003802560037002
test_6:1.0034980210475624
test_7:1.0060648280195892
test_8:1.0030129349324852
test_9:1.0037820250727236
